6669
6434
6564
1032
1098
1829
2608
7322
2690
7061
1664
5769

6160
1082
3958
5272
2188
5618
3418
2302
2926
3338
1082
2024
4195
4083

3276
5581
3421
3403
4356
2989
1278
1868
3630
4702
3409
4887
2383

7104
7496
5265
8078
8788
7402
3601
2641
1252
4994

4074
7524
8889
9290
8892
5785
2163
1074
6747

7452
8006
12427
7919
4012
6850

34591
26861

13028
12695
12762
11006
15937

17218
12408
17554
11415

1118
7240
6400
3431
1032
3283
4667
6100
5076
1101
6952
3527

7633
4385
4510
4073
3052
11738

33554

3448
16054
